1626190615
1626190634
1626190642
1626190658
1626190665
1626190681
1626190687
1626190702
