1626261000.000000, IBI
15.718750,1.109375
17.031250,1.312500
18.343750,1.312500
19.671875,1.328125
20.921875,1.250000
22.187500,1.265625
23.562500,1.375000
24.921875,1.359375
25.984375,1.062500
27.218750,1.234375
28.593750,1.375000
29.859375,1.265625
30.859375,1.000000
31.968750,1.109375
38.781250,1.312500
40.031250,1.250000
41.359375,1.328125
42.671875,1.312500
43.859375,1.187500
45.031250,1.171875
46.343750,1.312500
47.640625,1.296875
48.906250,1.265625
50.046875,1.140625
51.187500,1.140625
52.375000,1.187500
53.703125,1.328125
54.921875,1.218750
56.031250,1.109375
57.421875,1.390625
58.859375,1.437500
60.046875,1.187500
61.187500,1.140625
95.921875,1.218750
97.390625,1.468750
106.890625,1.500000
108.312500,1.421875
109.625000,1.312500
111.109375,1.484375
112.562500,1.453125
113.890625,1.328125
115.156250,1.265625
116.562500,1.406250
118.187500,1.625000
119.593750,1.406250
120.796875,1.203125
122.046875,1.250000
123.515625,1.468750
125.000000,1.484375
126.281250,1.281250
127.703125,1.421875
129.156250,1.453125
130.531250,1.375000
131.765625,1.234375
133.171875,1.406250
134.703125,1.531250
136.125000,1.421875
137.671875,1.546875
139.265625,1.593750
140.765625,1.500000
142.046875,1.281250
143.359375,1.312500
144.796875,1.437500
146.250000,1.453125
147.656250,1.406250
149.187500,1.531250
150.687500,1.500000
151.984375,1.296875
153.328125,1.343750
154.671875,1.343750
156.031250,1.359375
157.218750,1.187500
158.484375,1.265625
159.906250,1.421875
161.171875,1.265625
162.406250,1.234375
163.906250,1.500000
165.406250,1.500000
166.921875,1.515625
168.437500,1.515625
169.734375,1.296875
171.046875,1.312500
172.421875,1.375000
173.765625,1.343750
175.203125,1.437500
176.593750,1.390625
177.953125,1.359375
179.328125,1.375000
180.546875,1.218750
181.875000,1.328125
183.250000,1.375000
184.484375,1.234375
185.765625,1.281250
187.203125,1.437500
188.734375,1.531250
190.046875,1.312500
191.468750,1.421875
192.875000,1.406250
194.140625,1.265625
195.328125,1.187500
196.843750,1.515625
198.281250,1.437500
199.578125,1.296875
201.000000,1.421875
202.390625,1.390625
203.734375,1.343750
205.078125,1.343750
206.625000,1.546875
208.015625,1.390625
216.312500,1.437500
217.609375,1.296875
218.875000,1.265625
220.203125,1.328125
221.640625,1.437500
222.859375,1.218750
224.140625,1.281250
225.609375,1.468750
227.093750,1.484375
228.578125,1.484375
230.062500,1.484375
231.625000,1.562500
233.046875,1.421875
234.359375,1.312500
235.750000,1.390625
237.281250,1.531250
238.734375,1.453125
240.281250,1.546875
241.781250,1.500000
243.140625,1.359375
244.578125,1.437500
245.984375,1.406250
247.281250,1.296875
248.546875,1.265625
250.031250,1.484375
251.390625,1.359375
252.718750,1.328125
254.171875,1.453125
255.578125,1.406250
256.859375,1.281250
258.156250,1.296875
259.562500,1.406250
260.984375,1.421875
262.359375,1.375000
263.875000,1.515625
265.281250,1.406250
266.656250,1.375000
268.000000,1.343750
269.343750,1.343750
270.562500,1.218750
271.796875,1.234375
273.265625,1.468750
274.765625,1.500000
276.093750,1.328125
277.562500,1.468750
278.953125,1.390625
280.234375,1.281250
281.593750,1.359375
282.859375,1.265625
283.921875,1.062500
292.109375,1.296875
293.234375,1.125000
294.515625,1.281250
295.921875,1.406250
297.343750,1.421875
298.687500,1.343750
299.890625,1.203125
301.281250,1.390625
302.640625,1.359375
304.000000,1.359375
305.250000,1.250000
306.609375,1.359375
308.015625,1.406250
309.359375,1.343750
310.593750,1.234375
311.968750,1.375000
313.328125,1.359375
314.484375,1.156250
315.703125,1.218750
317.078125,1.375000
318.421875,1.343750
319.750000,1.328125
321.078125,1.328125
322.250000,1.171875
323.515625,1.265625
325.093750,1.578125
326.546875,1.453125
327.921875,1.375000
329.312500,1.390625
330.828125,1.515625
332.265625,1.437500
333.484375,1.218750
334.937500,1.453125
336.437500,1.500000
337.843750,1.406250
339.140625,1.296875
340.578125,1.437500
342.000000,1.421875
343.250000,1.250000
344.500000,1.250000
345.921875,1.421875
355.593750,1.500000
364.062500,1.187500
365.234375,1.171875
366.765625,1.531250
368.312500,1.546875
369.750000,1.437500
371.093750,1.343750
372.515625,1.421875
373.890625,1.375000
375.125000,1.234375
383.828125,1.312500
384.984375,1.156250
386.312500,1.328125
387.687500,1.375000
388.906250,1.218750
390.046875,1.140625
391.203125,1.156250
392.734375,1.531250
394.234375,1.500000
395.609375,1.375000
397.015625,1.406250
398.437500,1.421875
399.796875,1.359375
401.078125,1.281250
402.468750,1.390625
403.812500,1.343750
405.078125,1.265625
406.390625,1.312500
407.906250,1.515625
409.312500,1.406250
410.593750,1.281250
412.062500,1.468750
413.453125,1.390625
414.812500,1.359375
416.015625,1.203125
417.234375,1.218750
418.765625,1.531250
420.218750,1.453125
421.515625,1.296875
422.906250,1.390625
424.156250,1.250000
425.625000,1.468750
426.953125,1.328125
428.265625,1.312500
429.750000,1.484375
431.171875,1.421875
432.593750,1.421875
434.046875,1.453125
435.375000,1.328125
436.750000,1.375000
438.078125,1.328125
439.250000,1.171875
440.515625,1.265625
442.000000,1.484375
443.312500,1.312500
444.468750,1.156250
445.828125,1.359375
447.109375,1.281250
448.187500,1.078125
456.875000,1.406250
458.203125,1.328125
459.500000,1.296875
460.875000,1.375000
462.296875,1.421875
463.609375,1.312500
465.031250,1.421875
466.578125,1.546875
468.031250,1.453125
469.359375,1.328125
470.796875,1.437500
472.171875,1.375000
473.312500,1.140625
474.640625,1.328125
476.062500,1.421875
477.312500,1.250000
478.781250,1.468750
480.234375,1.453125
481.578125,1.343750
482.828125,1.250000
484.218750,1.390625
485.640625,1.421875
486.921875,1.281250
488.281250,1.359375
489.703125,1.421875
490.984375,1.281250
492.125000,1.140625
493.531250,1.406250
494.921875,1.390625
496.234375,1.312500
497.296875,1.062500
498.593750,1.296875
500.156250,1.562500
501.640625,1.484375
502.984375,1.343750
504.531250,1.546875
505.953125,1.421875
507.218750,1.265625
508.546875,1.328125
509.968750,1.421875
511.281250,1.312500
512.500000,1.218750
513.921875,1.421875
515.359375,1.437500
516.546875,1.187500
526.281250,1.281250
527.390625,1.109375
528.656250,1.265625
529.968750,1.312500
531.250000,1.281250
532.390625,1.140625
533.718750,1.328125
535.093750,1.375000
536.281250,1.187500
537.593750,1.312500
538.859375,1.265625
539.968750,1.109375
541.062500,1.093750
542.453125,1.390625
543.812500,1.359375
545.046875,1.234375
546.140625,1.093750
547.671875,1.531250
549.234375,1.562500
550.625000,1.390625
551.859375,1.234375
622.812500,0.921875
660.109375,1.375000
661.390625,1.281250
662.578125,1.187500
663.828125,1.250000
