1626687051.000000, IBI
19.671875,0.875000
20.687500,1.015625
21.750000,1.062500
22.640625,0.890625
23.593750,0.953125
24.703125,1.109375
25.609375,0.906250
26.546875,0.937500
27.656250,1.109375
28.640625,0.984375
29.531250,0.890625
30.562500,1.031250
31.609375,1.046875
32.546875,0.937500
33.671875,1.125000
40.328125,0.828125
41.234375,0.906250
42.375000,1.140625
43.312500,0.937500
44.250000,0.937500
45.281250,1.031250
46.234375,0.953125
53.890625,1.015625
54.937500,1.046875
56.125000,1.187500
57.140625,1.015625
58.156250,1.015625
59.406250,1.250000
60.562500,1.156250
61.546875,0.984375
62.703125,1.156250
64.000000,1.296875
65.015625,1.015625
66.093750,1.078125
67.250000,1.156250
68.203125,0.953125
69.171875,0.968750
70.375000,1.203125
71.390625,1.015625
72.515625,1.125000
73.906250,1.390625
74.968750,1.062500
76.187500,1.218750
77.343750,1.156250
78.296875,0.953125
79.375000,1.078125
80.500000,1.125000
81.468750,0.968750
82.562500,1.093750
83.765625,1.203125
84.718750,0.953125
85.859375,1.140625
87.109375,1.250000
88.078125,0.968750
89.140625,1.062500
90.312500,1.171875
91.281250,0.968750
92.296875,1.015625
93.531250,1.234375
94.562500,1.031250
95.609375,1.046875
96.781250,1.171875
97.765625,0.984375
98.687500,0.921875
99.593750,0.906250
100.609375,1.015625
101.687500,1.078125
102.640625,0.953125
103.781250,1.140625
105.000000,1.218750
106.000000,1.000000
107.125000,1.125000
108.390625,1.265625
109.421875,1.031250
110.546875,1.125000
111.843750,1.296875
112.859375,1.015625
114.031250,1.171875
120.609375,1.062500
121.875000,1.265625
123.078125,1.203125
124.125000,1.046875
125.375000,1.250000
126.609375,1.234375
127.656250,1.046875
128.906250,1.250000
135.515625,1.156250
136.562500,1.046875
137.484375,0.921875
138.546875,1.062500
139.734375,1.187500
140.703125,0.968750
141.812500,1.109375
143.156250,1.343750
144.187500,1.031250
145.281250,1.093750
146.484375,1.203125
147.453125,0.968750
148.531250,1.078125
149.765625,1.234375
150.703125,0.937500
151.718750,1.015625
152.890625,1.171875
153.812500,0.921875
154.781250,0.968750
155.671875,0.890625
156.796875,1.125000
157.734375,0.937500
158.625000,0.890625
159.437500,0.812500
166.796875,0.890625
167.796875,1.000000
168.984375,1.187500
169.953125,0.968750
170.906250,0.953125
172.031250,1.125000
173.046875,1.015625
173.953125,0.906250
175.203125,1.250000
176.421875,1.218750
177.375000,0.953125
178.453125,1.078125
179.703125,1.250000
180.640625,0.937500
181.593750,0.953125
182.703125,1.109375
183.671875,0.968750
184.500000,0.828125
185.421875,0.921875
186.359375,0.937500
192.843750,0.921875
202.359375,0.953125
203.515625,1.156250
204.796875,1.281250
205.781250,0.984375
206.875000,1.093750
208.140625,1.265625
209.093750,0.953125
210.093750,1.000000
211.328125,1.234375
212.359375,1.031250
213.406250,1.046875
214.734375,1.328125
215.812500,1.078125
216.890625,1.078125
218.140625,1.250000
219.218750,1.078125
220.250000,1.031250
221.515625,1.265625
222.625000,1.109375
223.546875,0.921875
224.578125,1.031250
225.703125,1.125000
226.656250,0.953125
227.796875,1.140625
229.062500,1.265625
230.062500,1.000000
231.218750,1.156250
232.328125,1.109375
233.250000,0.921875
234.296875,1.046875
235.515625,1.218750
236.500000,0.984375
237.703125,1.203125
239.015625,1.312500
240.062500,1.046875
241.328125,1.265625
242.593750,1.265625
243.593750,1.000000
244.750000,1.156250
246.078125,1.328125
247.078125,1.000000
248.328125,1.250000
249.593750,1.265625
250.640625,1.046875
251.937500,1.296875
253.046875,1.109375
254.156250,1.109375
255.468750,1.312500
256.500000,1.031250
257.703125,1.203125
259.046875,1.343750
260.078125,1.031250
261.265625,1.187500
262.453125,1.187500
263.453125,1.000000
264.781250,1.328125
276.312500,0.937500
277.359375,1.046875
278.484375,1.125000
279.421875,0.937500
280.531250,1.109375
281.687500,1.156250
282.625000,0.937500
283.640625,1.015625
295.968750,1.015625
297.125000,1.156250
298.093750,0.968750
299.015625,0.921875
300.109375,1.093750
301.156250,1.046875
302.125000,0.968750
318.625000,1.093750
319.562500,0.937500
320.546875,0.984375
321.812500,1.265625
322.843750,1.031250
324.015625,1.171875
325.234375,1.218750
326.171875,0.937500
340.156250,0.750000
340.937500,0.781250
341.718750,0.781250
347.687500,0.968750
362.062500,0.765625
362.859375,0.796875
363.687500,0.828125
364.531250,0.843750
365.312500,0.781250
366.156250,0.843750
367.078125,0.921875
367.843750,0.765625
375.671875,0.828125
376.453125,0.781250
377.156250,0.703125
410.078125,1.140625
411.062500,0.984375
412.187500,1.125000
413.406250,1.218750
414.390625,0.984375
425.046875,1.125000
426.390625,1.343750
427.593750,1.203125
428.656250,1.062500
429.968750,1.312500
431.093750,1.125000
432.171875,1.078125
433.515625,1.343750
434.734375,1.218750
435.859375,1.125000
437.156250,1.296875
438.218750,1.062500
439.531250,1.312500
447.109375,1.312500
448.109375,1.000000
449.343750,1.234375
450.609375,1.265625
462.812500,1.171875
463.921875,1.109375
464.890625,0.968750
465.984375,1.093750
467.125000,1.140625
468.078125,0.953125
469.140625,1.062500
470.328125,1.187500
471.296875,0.968750
472.343750,1.046875
473.500000,1.156250
474.500000,1.000000
475.531250,1.031250
476.750000,1.218750
477.765625,1.015625
478.765625,1.000000
479.937500,1.171875
481.015625,1.078125
482.015625,1.000000
483.171875,1.156250
496.125000,1.078125
497.312500,1.187500
498.265625,0.953125
499.328125,1.062500
500.437500,1.109375
501.375000,0.937500
502.421875,1.046875
503.718750,1.296875
504.718750,1.000000
505.843750,1.125000
507.062500,1.218750
508.031250,0.968750
508.984375,0.953125
510.062500,1.078125
516.218750,1.171875
522.937500,1.093750
524.046875,1.109375
525.000000,0.953125
526.109375,1.109375
527.390625,1.281250
528.421875,1.031250
529.500000,1.078125
530.687500,1.187500
531.687500,1.000000
532.671875,0.984375
533.843750,1.171875
534.953125,1.109375
535.953125,1.000000
537.171875,1.218750
538.296875,1.125000
539.234375,0.937500
540.312500,1.078125
549.312500,0.937500
