1626696841.000000, IBI
12.328125,0.906250
13.296875,0.968750
14.234375,0.937500
15.156250,0.921875
16.031250,0.875000
16.875000,0.843750
17.718750,0.843750
18.546875,0.828125
19.375000,0.828125
20.250000,0.875000
21.093750,0.843750
21.890625,0.796875
22.656250,0.765625
23.437500,0.781250
24.281250,0.843750
25.187500,0.906250
26.125000,0.937500
27.031250,0.906250
27.843750,0.812500
28.593750,0.750000
29.312500,0.718750
30.000000,0.687500
30.687500,0.687500
31.375000,0.687500
32.078125,0.703125
32.750000,0.671875
33.500000,0.750000
34.343750,0.843750
35.171875,0.828125
36.046875,0.875000
36.953125,0.906250
37.859375,0.906250
38.734375,0.875000
39.609375,0.875000
40.453125,0.843750
41.234375,0.781250
41.984375,0.750000
42.765625,0.781250
43.625000,0.859375
44.515625,0.890625
45.359375,0.843750
46.171875,0.812500
47.046875,0.875000
47.937500,0.890625
48.781250,0.843750
49.578125,0.796875
50.453125,0.875000
51.375000,0.921875
52.203125,0.828125
53.031250,0.828125
53.921875,0.890625
54.828125,0.906250
55.640625,0.812500
56.375000,0.734375
57.093750,0.718750
57.812500,0.718750
58.578125,0.765625
59.343750,0.765625
60.140625,0.796875
61.000000,0.859375
61.875000,0.875000
62.671875,0.796875
63.375000,0.703125
64.093750,0.718750
64.828125,0.734375
65.531250,0.703125
66.312500,0.781250
67.109375,0.796875
67.921875,0.812500
68.703125,0.781250
69.484375,0.781250
70.250000,0.765625
70.968750,0.718750
71.640625,0.671875
72.328125,0.687500
72.984375,0.656250
73.609375,0.625000
74.281250,0.671875
75.125000,0.843750
75.921875,0.796875
76.609375,0.687500
77.281250,0.671875
77.984375,0.703125
78.671875,0.687500
79.328125,0.656250
79.968750,0.640625
80.593750,0.625000
81.218750,0.625000
81.843750,0.625000
82.484375,0.640625
83.296875,0.812500
84.125000,0.828125
84.953125,0.828125
85.843750,0.890625
86.750000,0.906250
87.687500,0.937500
88.625000,0.937500
89.562500,0.937500
90.484375,0.921875
91.312500,0.828125
92.171875,0.859375
93.031250,0.859375
93.906250,0.875000
94.703125,0.796875
95.593750,0.890625
96.609375,1.015625
97.640625,1.031250
98.625000,0.984375
99.656250,1.031250
100.703125,1.046875
101.703125,1.000000
102.718750,1.015625
103.718750,1.000000
104.703125,0.984375
105.718750,1.015625
106.687500,0.968750
107.640625,0.953125
108.640625,1.000000
109.578125,0.937500
110.390625,0.812500
111.312500,0.921875
112.312500,1.000000
113.218750,0.906250
114.203125,0.984375
115.250000,1.046875
116.250000,1.000000
117.406250,1.156250
118.421875,1.015625
119.406250,0.984375
120.328125,0.921875
121.296875,0.968750
122.281250,0.984375
123.171875,0.890625
124.156250,0.984375
125.203125,1.046875
126.187500,0.984375
127.156250,0.968750
128.156250,1.000000
129.093750,0.937500
130.031250,0.937500
131.062500,1.031250
132.062500,1.000000
133.046875,0.984375
134.078125,1.031250
135.109375,1.031250
136.062500,0.953125
137.093750,1.031250
138.062500,0.968750
138.843750,0.781250
139.546875,0.703125
140.343750,0.796875
141.328125,0.984375
142.234375,0.906250
143.031250,0.796875
143.828125,0.796875
144.781250,0.953125
145.765625,0.984375
146.625000,0.859375
147.562500,0.937500
148.625000,1.062500
149.656250,1.031250
150.640625,0.984375
151.703125,1.062500
152.750000,1.046875
153.671875,0.921875
154.671875,1.000000
155.718750,1.046875
156.671875,0.953125
157.625000,0.953125
158.640625,1.015625
159.671875,1.031250
160.609375,0.937500
161.562500,0.953125
162.578125,1.015625
163.515625,0.937500
164.468750,0.953125
165.484375,1.015625
166.437500,0.953125
167.328125,0.890625
168.296875,0.968750
169.328125,1.031250
170.359375,1.031250
171.312500,0.953125
172.296875,0.984375
173.281250,0.984375
174.187500,0.906250
175.296875,1.109375
176.328125,1.031250
177.359375,1.031250
178.359375,1.000000
179.406250,1.046875
180.453125,1.046875
181.437500,0.984375
182.453125,1.015625
183.453125,1.000000
184.359375,0.906250
185.296875,0.937500
186.281250,0.984375
187.140625,0.859375
187.921875,0.781250
188.703125,0.781250
189.515625,0.812500
190.265625,0.750000
190.984375,0.718750
191.765625,0.781250
192.750000,0.984375
193.734375,0.984375
194.656250,0.921875
195.656250,1.000000
196.671875,1.015625
197.593750,0.921875
198.531250,0.937500
199.515625,0.984375
200.421875,0.906250
201.328125,0.906250
202.312500,0.984375
203.296875,0.984375
204.218750,0.921875
205.203125,0.984375
206.234375,1.031250
207.171875,0.937500
208.156250,0.984375
209.187500,1.031250
210.171875,0.984375
211.125000,0.953125
212.125000,1.000000
213.140625,1.015625
214.093750,0.953125
215.078125,0.984375
216.078125,1.000000
217.078125,1.000000
218.109375,1.031250
219.140625,1.031250
220.078125,0.937500
221.062500,0.984375
222.046875,0.984375
223.015625,0.968750
224.062500,1.046875
225.031250,0.968750
226.000000,0.968750
227.046875,1.046875
228.062500,1.015625
229.031250,0.968750
230.078125,1.046875
231.125000,1.046875
232.109375,0.984375
233.109375,1.000000
234.156250,1.046875
235.125000,0.968750
236.125000,1.000000
237.171875,1.046875
238.187500,1.015625
239.109375,0.921875
240.109375,1.000000
241.171875,1.062500
242.140625,0.968750
243.140625,1.000000
244.203125,1.062500
245.156250,0.953125
246.171875,1.015625
247.234375,1.062500
248.218750,0.984375
249.218750,1.000000
250.281250,1.062500
251.218750,0.937500
252.187500,0.968750
253.218750,1.031250
254.125000,0.906250
255.062500,0.937500
256.046875,0.984375
256.906250,0.859375
257.687500,0.781250
258.546875,0.859375
259.609375,1.062500
260.546875,0.937500
261.468750,0.921875
262.515625,1.046875
263.515625,1.000000
264.453125,0.937500
265.390625,0.937500
266.265625,0.875000
267.015625,0.750000
267.703125,0.687500
268.453125,0.750000
269.359375,0.906250
270.203125,0.843750
271.015625,0.812500
272.000000,0.984375
273.015625,1.015625
273.953125,0.937500
274.875000,0.921875
275.859375,0.984375
276.781250,0.921875
277.687500,0.906250
278.625000,0.937500
279.531250,0.906250
280.421875,0.890625
281.359375,0.937500
282.328125,0.968750
283.234375,0.906250
284.171875,0.937500
285.171875,1.000000
286.093750,0.921875
287.046875,0.953125
288.015625,0.968750
288.984375,0.968750
289.890625,0.906250
290.984375,1.093750
291.937500,0.953125
300.375000,0.953125
301.390625,1.015625
302.281250,0.890625
303.250000,0.968750
304.265625,1.015625
305.171875,0.906250
306.171875,1.000000
307.171875,1.000000
308.093750,0.921875
320.890625,0.906250
321.703125,0.812500
322.515625,0.812500
323.390625,0.875000
324.203125,0.812500
325.046875,0.843750
325.921875,0.875000
326.750000,0.828125
327.640625,0.890625
328.609375,0.968750
329.531250,0.921875
340.546875,0.937500
341.437500,0.890625
342.328125,0.890625
343.265625,0.937500
344.187500,0.921875
345.046875,0.859375
345.953125,0.906250
346.921875,0.968750
347.812500,0.890625
348.781250,0.968750
349.765625,0.984375
350.703125,0.937500
363.671875,0.890625
364.625000,0.953125
365.500000,0.875000
366.390625,0.890625
367.375000,0.984375
368.296875,0.921875
369.218750,0.921875
370.171875,0.953125
371.078125,0.906250
371.984375,0.906250
372.968750,0.984375
380.296875,0.875000
381.250000,0.953125
382.171875,0.921875
382.953125,0.781250
383.750000,0.796875
384.500000,0.750000
385.203125,0.703125
386.015625,0.812500
386.750000,0.734375
387.531250,0.781250
388.406250,0.875000
389.187500,0.781250
390.015625,0.828125
390.921875,0.906250
391.843750,0.921875
392.703125,0.859375
393.578125,0.875000
394.390625,0.812500
395.250000,0.859375
396.156250,0.906250
396.968750,0.812500
397.671875,0.703125
398.359375,0.687500
399.156250,0.796875
404.093750,0.953125
405.031250,0.937500
405.890625,0.859375
406.734375,0.843750
407.625000,0.890625
408.562500,0.937500
409.375000,0.812500
410.234375,0.859375
411.078125,0.843750
411.812500,0.734375
412.640625,0.828125
413.531250,0.890625
414.390625,0.859375
415.187500,0.796875
416.000000,0.812500
416.781250,0.781250
417.515625,0.734375
418.234375,0.718750
419.046875,0.812500
419.812500,0.765625
420.546875,0.734375
421.390625,0.843750
422.296875,0.906250
423.187500,0.890625
424.062500,0.875000
424.953125,0.890625
425.828125,0.875000
426.687500,0.859375
427.578125,0.890625
428.468750,0.890625
429.328125,0.859375
430.250000,0.921875
431.187500,0.937500
432.140625,0.953125
433.046875,0.906250
433.968750,0.921875
434.890625,0.921875
435.781250,0.890625
436.656250,0.875000
437.562500,0.906250
438.437500,0.875000
439.343750,0.906250
440.281250,0.937500
441.171875,0.890625
442.078125,0.906250
443.046875,0.968750
443.968750,0.921875
444.781250,0.812500
445.609375,0.828125
446.484375,0.875000
447.406250,0.921875
448.218750,0.812500
448.984375,0.765625
449.765625,0.781250
450.562500,0.796875
451.343750,0.781250
452.062500,0.718750
452.890625,0.828125
453.796875,0.906250
454.609375,0.812500
455.390625,0.781250
456.265625,0.875000
457.140625,0.875000
457.953125,0.812500
458.687500,0.734375
459.453125,0.765625
460.250000,0.796875
461.062500,0.812500
461.812500,0.750000
462.609375,0.796875
463.453125,0.843750
464.343750,0.890625
465.156250,0.812500
466.031250,0.875000
466.906250,0.875000
467.734375,0.828125
468.546875,0.812500
469.390625,0.843750
470.250000,0.859375
471.046875,0.796875
471.937500,0.890625
472.843750,0.906250
473.734375,0.890625
474.609375,0.875000
475.515625,0.906250
476.421875,0.906250
477.265625,0.843750
478.140625,0.875000
479.093750,0.953125
479.984375,0.890625
480.843750,0.859375
481.781250,0.937500
482.750000,0.968750
483.687500,0.937500
484.593750,0.906250
485.500000,0.906250
486.343750,0.843750
487.156250,0.812500
488.031250,0.875000
488.953125,0.921875
489.828125,0.875000
490.750000,0.921875
491.703125,0.953125
492.578125,0.875000
493.500000,0.921875
494.453125,0.953125
495.375000,0.921875
496.265625,0.890625
497.203125,0.937500
498.140625,0.937500
499.015625,0.875000
499.906250,0.890625
500.828125,0.921875
501.703125,0.875000
502.578125,0.875000
503.484375,0.906250
504.343750,0.859375
505.109375,0.765625
505.812500,0.703125
506.562500,0.750000
507.312500,0.750000
508.046875,0.734375
508.921875,0.875000
509.671875,0.750000
510.359375,0.687500
511.156250,0.796875
512.062500,0.906250
512.937500,0.875000
513.734375,0.796875
514.609375,0.875000
515.531250,0.921875
516.375000,0.843750
517.203125,0.828125
518.093750,0.890625
519.015625,0.921875
519.843750,0.828125
520.906250,1.062500
521.843750,0.937500
522.687500,0.843750
523.546875,0.859375
524.531250,0.984375
525.546875,1.015625
526.453125,0.906250
527.375000,0.921875
528.328125,0.953125
529.218750,0.890625
530.093750,0.875000
531.031250,0.937500
531.937500,0.906250
532.765625,0.828125
533.640625,0.875000
534.562500,0.921875
535.468750,0.906250
536.296875,0.828125
537.171875,0.875000
538.062500,0.890625
538.890625,0.828125
539.703125,0.812500
540.562500,0.859375
541.390625,0.828125
542.218750,0.828125
543.109375,0.890625
544.031250,0.921875
544.843750,0.812500
545.703125,0.859375
546.578125,0.875000
547.359375,0.781250
548.062500,0.703125
548.734375,0.671875
549.453125,0.718750
550.281250,0.828125
551.109375,0.828125
551.890625,0.781250
552.750000,0.859375
553.640625,0.890625
554.390625,0.750000
555.125000,0.734375
555.875000,0.750000
556.656250,0.781250
557.390625,0.734375
558.203125,0.812500
559.062500,0.859375
559.953125,0.890625
560.796875,0.843750
561.671875,0.875000
562.531250,0.859375
563.328125,0.796875
564.156250,0.828125
565.000000,0.843750
565.812500,0.812500
566.640625,0.828125
567.515625,0.875000
568.390625,0.875000
569.250000,0.859375
570.156250,0.906250
571.093750,0.937500
571.968750,0.875000
572.890625,0.921875
573.828125,0.937500
574.718750,0.890625
575.609375,0.890625
576.546875,0.937500
577.484375,0.937500
578.328125,0.843750
579.218750,0.890625
580.156250,0.937500
580.937500,0.781250
581.734375,0.796875
582.500000,0.765625
583.203125,0.703125
583.890625,0.687500
584.578125,0.687500
585.250000,0.671875
586.109375,0.859375
586.859375,0.750000
587.546875,0.687500
588.218750,0.671875
588.890625,0.671875
589.609375,0.718750
590.437500,0.828125
591.328125,0.890625
592.109375,0.781250
592.906250,0.796875
593.750000,0.843750
594.578125,0.828125
595.421875,0.843750
596.328125,0.906250
597.203125,0.875000
598.062500,0.859375
598.937500,0.875000
599.796875,0.859375
600.578125,0.781250
601.343750,0.765625
602.125000,0.781250
602.968750,0.843750
603.859375,0.890625
604.718750,0.859375
605.593750,0.875000
606.375000,0.781250
607.093750,0.718750
607.812500,0.718750
608.546875,0.734375
609.375000,0.828125
610.250000,0.875000
611.078125,0.828125
611.875000,0.796875
612.765625,0.890625
613.718750,0.953125
614.671875,0.953125
615.578125,0.906250
616.437500,0.859375
617.234375,0.796875
618.109375,0.875000
619.046875,0.937500
